<am>
<disfluency>
<noise>
<silence>
<unclear>
[*]
[0.009,0.949]
[0.038,0.889]
[1.059,2.720]
[1.240,2.210]
[1.389,2.269]
[1.539,2.509]
[1.600,2.960]
[1.629,2.569]
[1.870,2.809]
[1.960,2.869]
[10.180,11.479]
[10.600,11.960]
[10.630,13.159]
[10.840,14.869]
[100.150,101.779]
[100.989,105.080]
[1000.388,1001.599]
[1000.779,1005.829]
[1000.899,1002.048]
[1000.927,1004.929]
[1001.288,1002.319]
[1001.511,1002.423]
[1001.798,1003.728]
[1002.009,1003.488]
[1002.492,1005.198]
[1002.579,1007.359]
[1002.729,1003.668]
[1002.819,1005.619]
[1004.139,1005.710]
[1004.288,1009.038]
[1004.858,1005.978]
[1005.219,1011.049]
[1005.668,1007.988]
[1005.758,1007.179]
[1005.909,1007.839]
[1006.629,1007.629]
[1007.258,1010.478]
[1007.500,1008.890]
[1008.009,1011.678]
[1008.069,1011.199]
[1008.369,1012.819]
[1008.370,1009.308]
[1009.029,1011.139]
[1009.478,1011.859]
[101.199,104.239]
[101.980,104.959]
[1010.469,1012.489]
[1011.069,1013.389]
[1011.400,1013.659]
[1011.428,1014.738]
[1011.760,1012.520]
[1011.909,1013.148]
[1011.968,1013.927]
[1012.089,1014.648]
[1012.509,1014.470]
[1012.539,1014.499]
[1012.869,1014.858]
[1013.415,1015.363]
[1013.889,1016.960]
[1014.699,1017.378]
[1014.850,1018.070]
[1015.119,1020.678]
[1015.449,1018.099]
[1015.659,1016.930]
[1016.558,1020.738]
[1017.008,1018.879]
[1017.878,1020.678]
[1018.118,1020.410]
[1018.779,1019.690]
[1019.019,1020.349]
[1019.079,1020.260]
[1019.950,1021.279]
[102.069,103.160]
[102.160,103.430]
[102.160,103.849]
[102.910,104.599]
[1020.339,1021.639]
[1020.519,1022.839]
[1020.728,1022.118]
[1020.909,1022.479]
[1021.117,1025.358]
[1021.521,1025.302]
[1022.049,1024.459]
[1022.200,1024.008]
[1022.589,1025.210]
[1022.978,1026.740]
[1023.069,1024.669]
[1023.609,1025.900]
[1024.209,1029.168]
[1025.200,1032.019]
[1025.347,1027.040]
[1025.679,1027.308]
[1025.710,1032.827]
[1026.640,1030.818]
[1026.788,1028.210]
[1026.848,1029.979]
[1026.910,1029.588]
[1027.079,1031.384]
[1028.170,1030.607]
[1029.220,1030.519]
[1029.279,1031.749]
[103.000,104.269]
[103.569,108.980]
[103.959,105.319]
[1030.150,1031.629]
[1030.240,1032.769]
[1031.078,1033.910]
[1031.470,1033.700]
[1032.038,1033.608]
[1032.130,1033.549]
[1032.218,1034.899]
[1032.640,1033.817]
[1032.669,1035.228]
[1032.790,1034.509]
[1032.889,1035.792]
[1033.179,1039.940]
[1033.703,1037.048]
[1035.008,1036.399]
[1035.549,1037.808]
[1035.848,1039.309]
[1036.659,1037.719]
[1036.747,1039.008]
[1036.837,1038.439]
[1037.108,1041.558]
[1038.607,1043.988]
[1038.700,1040.210]
[1038.818,1040.808]
[1039.088,1040.990]
[1039.117,1040.450]
[1039.509,1043.688]
[1039.959,1041.139]
[1040.077,1041.200]
[1040.317,1045.607]
[1040.468,1043.567]
[1040.617,1043.420]
[1040.857,1042.038]
[1041.160,1047.440]
[1042.989,1043.719]
[1043.169,1045.640]
[1043.380,1045.640]
[1043.617,1051.519]
[1044.009,1045.367]
[1044.068,1046.327]
[1044.399,1045.489]
[1045.539,1046.720]
[1045.898,1051.609]
[1045.959,1051.849]
[1046.018,1047.108]
[1046.019,1047.410]
[1046.617,1049.480]
[1047.009,1048.067]
[1047.440,1054.130]
[1048.029,1051.638]
[1049.738,1051.730]
[105.160,106.790]
[1050.758,1052.149]
[1051.179,1052.630]
[1051.849,1055.058]
[1051.899,1054.910]
[1051.899,1057.399]
[1051.957,1056.317]
[1052.439,1053.739]
[1052.709,1053.739]
[1052.709,1054.848]
[1053.758,1054.998]
[1054.059,1054.938]
[1054.118,1055.390]
[1054.298,1059.169]
[1054.299,1055.538]
[1055.260,1056.558]
[1055.650,1056.730]
[1056.369,1064.450]
[1056.608,1058.690]
[1057.419,1059.259]
[1059.249,1064.869]
[1059.308,1060.849]
[1059.398,1062.229]
[1059.819,1062.739]
[106.239,107.540]
[106.360,107.989]
[106.389,109.489]
[106.480,109.730]
[106.930,111.019]
[106.959,109.279]
[1060.299,1063.399]
[1060.960,1063.188]
[1062.430,1064.268]
[1062.879,1071.199]
[1062.939,1071.078]
[1063.629,1064.780]
[1064.450,1068.440]
[1064.829,1066.459]
[1065.249,1071.859]
[1065.459,1067.900]
[1065.849,1067.599]
[1066.509,1069.160]
[1067.079,1069.279]
[1067.950,1071.650]
[1069.268,1071.828]
[1069.509,1072.489]
[1069.779,1070.868]
[107.260,111.379]
[107.319,109.639]
[1071.579,1072.459]
[1071.639,1072.700]
[1071.908,1074.349]
[1071.910,1076.779]
[1072.060,1074.379]
[1072.089,1074.858]
[1072.269,1073.690]
[1072.269,1074.288]
[1073.109,1075.098]
[1073.618,1074.650]
[1074.489,1075.789]
[1074.879,1080.799]
[1075.479,1077.619]
[1075.779,1077.650]
[1075.869,1079.149]
[1075.989,1077.379]
[1076.108,1078.549]
[1076.709,1079.358]
[1077.039,1078.009]
[1077.729,1082.058]
[1078.449,1086.380]
[1079.139,1080.558]
[1079.618,1081.099]
[1079.739,1084.310]
[108.309,109.699]
[1080.518,1082.029]
[1080.730,1082.598]
[1080.849,1086.288]
[1082.259,1085.449]
[1082.588,1084.248]
[1082.617,1083.529]
[1082.949,1084.339]
[1083.128,1084.700]
[1083.338,1084.338]
[1083.849,1085.719]
[1084.239,1086.829]
[1084.328,1089.139]
[1084.690,1088.298]
[1085.020,1086.020]
[1085.799,1090.968]
[1086.248,1089.738]
[1086.608,1090.670]
[1086.700,1088.420]
[1087.388,1091.960]
[1087.690,1089.408]
[1089.458,1091.750]
[1089.483,1090.185]
[1089.489,1091.192]
[109.029,111.230]
[109.209,110.300]
[109.509,117.830]
[109.540,110.720]
[109.629,110.540]
[1090.185,1092.452]
[1090.299,1091.450]
[1090.929,1095.858]
[1091.018,1097.718]
[1091.349,1095.258]
[1091.470,1092.349]
[1092.220,1093.099]
[1092.730,1095.379]
[1092.789,1093.699]
[1093.629,1095.410]
[1093.780,1095.200]
[1094.050,1098.889]
[1094.318,1096.190]
[1096.150,1099.879]
[1096.238,1099.498]
[1096.238,1102.638]
[1097.738,1103.689]
[1097.799,1100.210]
[1097.829,1099.549]
[1098.458,1102.038]
[1098.940,1104.949]
[1099.118,1099.849]
[1099.557,1100.585]
[1099.629,1101.799]
[1099.900,1106.629]
[11.890,13.550]
[110.500,112.400]
[1100.140,1102.910]
[1100.656,1101.258]
[1101.272,1102.488]
[1101.939,1103.779]
[1102.868,1105.940]
[1102.959,1106.838]
[1103.689,1111.068]
[1104.548,1106.088]
[1104.949,1111.639]
[1105.299,1106.509]
[1105.568,1108.007]
[1106.739,1113.379]
[1107.190,1109.089]
[1107.940,1109.210]
[1107.969,1109.180]
[1108.007,1115.116]
[1108.480,1109.508]
[1109.229,1111.488]
[1109.349,1111.879]
[111.040,113.569]
[111.370,116.059]
[111.760,113.870]
[1110.308,1111.788]
[1110.668,1112.680]
[1110.818,1111.818]
[1111.599,1113.528]
[1111.630,1116.380]
[1111.639,1118.030]
[1112.619,1113.979]
[1112.738,1114.699]
[1113.009,1115.748]
[1113.219,1114.609]
[1113.429,1114.908]
[1114.238,1115.568]
[1115.619,1117.848]
[1115.858,1118.629]
[1115.919,1117.818]
[1115.979,1118.869]
[1116.430,1118.298]
[1116.489,1118.554]
[1117.480,1118.838]
[1117.930,1123.548]
[1118.048,1122.889]
[1118.289,1124.899]
[1118.318,1121.180]
[1118.649,1120.039]
[1118.919,1120.038]
[1119.189,1120.519]
[112.660,119.389]
[112.750,114.470]
[112.809,114.199]
[112.870,113.779]
[1120.480,1121.959]
[1120.748,1122.230]
[1120.900,1121.659]
[1121.199,1123.190]
[1122.069,1123.487]
[1122.280,1122.980]
[1122.609,1123.609]
[1123.000,1125.588]
[1123.119,1127.449]
[1123.210,1124.419]
[1123.329,1124.058]
[1123.719,1125.290]
[1124.470,1132.160]
[1124.919,1127.748]
[1124.920,1125.739]
[1125.068,1126.460]
[1125.128,1128.349]
[1125.368,1126.368]
[1126.568,1127.900]
[1126.928,1128.739]
[1127.738,1129.668]
[1127.889,1129.279]
[1128.248,1129.308]
[1129.178,1130.209]
[1129.479,1135.190]
[113.589,114.830]
[1130.348,1132.400]
[1131.039,1133.149]
[1131.040,1132.818]
[1131.130,1132.518]
[1131.489,1134.049]
[1131.938,1134.230]
[1132.160,1139.690]
[1132.660,1134.109]
[1132.930,1135.818]
[1133.259,1141.069]
[1133.260,1134.799]
[1134.130,1136.930]
[1135.268,1138.999]
[1136.289,1138.009]
[1136.588,1137.650]
[1137.009,1143.440]
[1138.450,1141.429]
[1138.900,1140.288]
[1139.078,1142.149]
[114.370,115.760]
[114.550,115.400]
[114.669,119.059]
[114.818,119.510]
[114.910,119.449]
[1140.188,1142.150]
[1140.220,1145.569]
[1140.338,1142.088]
[1141.389,1147.428]
[1141.480,1143.980]
[1142.170,1143.170]
[1142.259,1147.880]
[1142.288,1143.348]
[1142.559,1145.839]
[1143.279,1144.460]
[1143.968,1145.328]
[1144.299,1146.470]
[1144.450,1146.200]
[1145.650,1149.318]
[1145.650,1154.238]
[1145.709,1148.299]
[1145.739,1146.739]
[1145.918,1146.918]
[1147.464,1148.734]
[1147.808,1150.248]
[1148.319,1152.108]
[1148.708,1152.108]
[1149.010,1152.289]
[1149.669,1151.568]
[1149.879,1151.959]
[1150.210,1151.808]
[1150.779,1151.868]
[1150.895,1157.480]
[1151.049,1152.349]
[1151.079,1152.439]
[1151.889,1153.279]
[1152.158,1155.530]
[1152.578,1154.118]
[1152.700,1154.629]
[1153.180,1156.249]
[1153.568,1154.779]
[1154.238,1161.650]
[1154.950,1157.868]
[1154.980,1157.148]
[1155.460,1156.578]
[1156.238,1159.547]
[1156.328,1159.220]
[1156.660,1157.839]
[1157.139,1158.588]
[1157.739,1160.088]
[1157.889,1160.510]
[1158.039,1159.970]
[1158.999,1165.098]
[1159.566,1161.254]
[1159.780,1161.828]
[116.080,120.470]
[1160.799,1163.719]
[1161.488,1163.779]
[1161.650,1164.709]
[1162.030,1170.078]
[1162.509,1166.539]
[1162.898,1164.078]
[1163.889,1168.699]
[1164.069,1171.188]
[1165.098,1169.720]
[1165.118,1167.318]
[1165.268,1166.630]
[1165.719,1167.409]
[1165.749,1167.528]
[1166.619,1167.588]
[1167.129,1174.759]
[1167.669,1170.317]
[1168.899,1177.789]
[1169.258,1170.950]
[117.830,123.410]
[1170.099,1177.280]
[1170.670,1173.108]
[1170.699,1175.208]
[1171.188,1177.308]
[1171.479,1172.839]
[1172.108,1174.248]
[1173.338,1176.739]
[1173.879,1176.410]
[1175.109,1178.238]
[1175.259,1177.759]
[1175.558,1177.849]
[1177.280,1185.500]
[1177.308,1180.880]
[1177.689,1179.529]
[1178.079,1183.250]
[1178.649,1181.749]
[1179.249,1183.130]
[118.209,123.709]
[1180.028,1181.508]
[1180.212,1181.783]
[1180.959,1185.229]
[1181.619,1183.098]
[1182.009,1185.589]
[1182.099,1183.489]
[1182.159,1183.909]
[1183.150,1184.839]
[1183.238,1185.109]
[1183.749,1185.288]
[1184.288,1186.609]
[1184.289,1192.429]
[1184.349,1185.769]
[1185.249,1186.609]
[1185.339,1189.579]
[1185.638,1191.799]
[1186.299,1187.179]
[1186.539,1191.318]
[1186.569,1188.379]
[1187.050,1187.869]
[1187.978,1190.568]
[1188.428,1190.570]
[1189.869,1191.710]
[119.260,121.220]
[119.349,122.839]
[119.389,126.500]
[119.829,121.699]
[1190.588,1191.349]
[1190.618,1191.799]
[1190.679,1197.739]
[1190.680,1193.029]
[1190.920,1192.490]
[1191.008,1192.519]
[1191.249,1192.568]
[1191.609,1192.699]
[1192.568,1193.868]
[1192.690,1194.499]
[1192.839,1194.348]
[1193.139,1195.849]
[1193.163,1194.985]
[1193.288,1195.939]
[1194.009,1196.449]
[1194.068,1196.118]
[1194.460,1198.700]
[1194.730,1196.149]
[1195.030,1198.969]
[1195.269,1196.239]
[1196.108,1201.069]
[1196.470,1200.493]
[1197.129,1198.519]
[1197.188,1199.930]
[1197.578,1198.578]
[1197.909,1199.570]
[1198.179,1200.079]
[1198.748,1200.410]
[1199.890,1201.219]
[12.069,15.380]
[12.130,13.250]
[12.220,13.670]
[12.310,14.270]
[12.430,14.029]
[12.520,15.199]
[1200.159,1205.630]
[1200.489,1204.098]
[1200.501,1205.553]
[1200.518,1202.088]
[1200.640,1204.579]
[1200.788,1204.400]
[1201.060,1203.260]
[1201.389,1203.230]
[1202.380,1206.229]
[1202.710,1207.430]
[1203.608,1206.019]
[1204.420,1208.720]
[1204.959,1206.019]
[1205.319,1206.768]
[1205.650,1207.970]
[1205.679,1206.859]
[1205.949,1207.190]
[1206.099,1207.368]
[1206.429,1207.729]
[1207.420,1208.179]
[1207.929,1209.259]
[1208.469,1211.938]
[1209.130,1210.338]
[1209.278,1212.470]
[121.269,123.319]
[121.300,124.190]
[1211.499,1212.679]
[1212.038,1213.339]
[1213.660,1214.630]
[1213.749,1216.730]
[1217.439,1218.679]
[1219.480,1221.799]
[1219.899,1221.919]
[1221.969,1223.959]
[1222.210,1223.480]
[1222.239,1222.970]
[1224.548,1225.759]
[1225.089,1226.689]
[1225.929,1228.039]
[1228.089,1229.180]
[1228.119,1231.758]
[123.129,125.930]
[123.430,125.000]
[123.459,131.086]
[123.698,131.000]
[1232.799,1234.429]
[1233.910,1236.289]
[1236.730,1238.719]
[1237.538,1238.900]
[1238.740,1240.309]
[124.180,125.360]
[124.209,125.930]
[124.389,125.779]
[124.419,125.540]
[124.599,125.629]
[1240.328,1242.379]
[1240.900,1242.768]
[1244.468,1245.738]
[1245.218,1247.089]
[1247.710,1249.190]
[1247.738,1248.859]
[1247.979,1248.979]
[1248.308,1250.839]
[1249.088,1251.588]
[125.050,128.899]
[125.739,126.680]
[1250.139,1251.469]
[1251.669,1252.909]
[1252.630,1256.298]
[1252.990,1256.659]
[1256.558,1257.589]
[1258.150,1259.358]
[1258.599,1261.728]
[1258.958,1260.739]
[126.160,128.419]
[126.550,132.320]
[126.879,130.699]
[1260.788,1264.489]
[1263.459,1264.910]
[1263.879,1268.598]
[1265.230,1266.618]
[1265.618,1267.728]
[1266.969,1268.689]
[1268.920,1270.039]
[1270.629,1271.748]
[1270.689,1271.778]
[1271.289,1272.469]
[1271.799,1272.709]
[1273.358,1276.698]
[1273.718,1274.837]
[1277.258,1280.180]
[1278.488,1279.758]
[1279.479,1280.810]
[128.287,129.199]
[1281.129,1282.698]
[1282.809,1283.778]
[1282.899,1284.469]
[1284.488,1285.999]
[1285.030,1286.780]
[1286.589,1287.709]
[1287.310,1289.269]
[1288.958,1290.380]
[1289.528,1290.950]
[1289.890,1291.068]
[129.520,130.639]
[129.699,130.970]
[129.787,134.119]
[129.850,131.239]
[1291.269,1292.449]
[1291.359,1292.359]
[1293.879,1296.139]
[1294.717,1296.528]
[1297.480,1299.380]
[1298.499,1299.829]
[1299.910,1303.399]
[13.119,15.170]
[13.539,16.218]
[13.869,14.630]
[130.270,131.089]
[130.779,131.479]
[1300.060,1301.690]
[1303.568,1305.139]
[1305.848,1306.819]
[1306.359,1307.210]
[1306.900,1310.238]
[1307.076,1308.106]
[1308.430,1309.999]
[131.139,132.244]
[131.589,134.149]
[131.800,132.949]
[131.889,133.100]
[131.889,135.020]
[1310.438,1313.688]
[1312.299,1313.748]
[1314.069,1315.250]
[1314.399,1317.259]
[1317.368,1319.089]
[1317.879,1318.879]
[1319.469,1320.410]
[132.320,140.330]
[132.429,134.660]
[132.729,134.839]
[1320.940,1322.748]
[1321.180,1323.348]
[1323.368,1324.910]
[1323.969,1327.818]
[1325.251,1325.778]
[1326.489,1327.549]
[1327.568,1330.940]
[133.779,135.500]
[1330.179,1331.688]
[1331.618,1334.238]
[1332.069,1333.519]
[1335.339,1337.178]
[1335.879,1337.119]
[1337.410,1338.979]
[1338.068,1339.549]
[1338.188,1341.470]
[1339.389,1341.347]
[134.500,137.720]
[1340.618,1342.489]
[1343.348,1344.258]
[1344.009,1347.650]
[1344.130,1348.068]
[1347.908,1348.759]
[1348.420,1349.420]
[1348.539,1351.129]
[1348.839,1349.899]
[135.309,140.539]
[135.639,141.830]
[135.850,138.050]
[1350.040,1354.669]
[1350.217,1352.088]
[1352.890,1354.368]
[1355.559,1356.619]
[1357.180,1359.288]
[1357.629,1359.829]
[1359.938,1363.790]
[136.839,138.169]
[1360.299,1361.210]
[1364.259,1366.759]
[1366.478,1367.659]
[1366.809,1368.650]
[1367.530,1369.729]
[1368.788,1370.958]
[137.019,139.070]
[137.470,139.429]
[1371.460,1372.910]
[1371.609,1372.698]
[1372.449,1374.678]
[1372.958,1375.759]
[1375.059,1376.809]
[1375.119,1377.319]
[1377.159,1379.659]
[1377.729,1378.639]
[1378.030,1382.000]
[138.550,140.210]
[138.610,140.899]
[1380.009,1381.130]
[1381.479,1382.389]
[1381.690,1383.528]
[1382.259,1383.470]
[1382.829,1383.738]
[1383.549,1384.698]
[1384.509,1385.479]
[1385.618,1386.440]
[1385.709,1387.519]
[1386.639,1388.149]
[1388.409,1389.920]
[139.149,144.679]
[139.479,140.570]
[139.539,141.380]
[139.600,140.509]
[1390.118,1391.088]
[1391.139,1392.139]
[1391.258,1392.349]
[14.470,17.408]
[14.890,15.590]
[140.800,144.050]
[141.369,143.300]
[141.460,142.910]
[142.699,144.228]
[142.929,145.429]
[143.020,143.720]
[143.619,145.639]
[144.250,145.309]
[144.759,151.759]
[145.089,147.859]
[145.660,147.350]
[145.720,147.050]
[145.960,147.199]
[145.990,150.529]
[146.169,150.619]
[146.649,148.429]
[147.429,149.300]
[147.970,156.380]
[148.449,149.630]
[148.630,152.720]
[148.720,149.899]
[149.529,150.529]
[15.399,18.170]
[15.579,16.819]
[15.670,16.610]
[15.729,16.850]
[15.939,19.909]
[150.009,151.220]
[150.213,158.115]
[151.089,152.899]
[151.300,152.779]
[151.509,152.779]
[152.229,160.070]
[152.470,153.770]
[152.919,155.089]
[153.729,154.820]
[154.119,157.669]
[154.269,155.869]
[154.509,156.350]
[155.110,157.399]
[155.169,158.000]
[156.380,157.250]
[156.459,157.639]
[157.419,158.300]
[157.419,159.410]
[157.690,158.690]
[158.020,163.910]
[158.649,163.338]
[159.100,160.250]
[159.910,162.227]
[16.299,17.299]
[16.629,17.540]
[160.448,167.305]
[160.630,163.580]
[161.350,163.009]
[161.380,163.820]
[162.220,163.338]
[162.397,164.690]
[163.750,164.898]
[163.990,167.779]
[164.440,165.618]
[164.710,167.929]
[164.768,166.397]
[165.070,166.610]
[165.190,166.699]
[165.460,166.729]
[166.418,167.240]
[166.478,169.610]
[166.869,167.720]
[167.289,168.500]
[167.320,168.800]
[167.385,168.597]
[167.470,168.649]
[167.860,169.610]
[167.919,169.339]
[168.429,172.070]
[168.880,170.000]
[169.089,176.059]
[169.239,172.820]
[169.360,174.500]
[169.509,171.800]
[169.869,172.339]
[17.379,18.770]
[17.920,19.370]
[171.100,173.179]
[172.269,173.809]
[172.899,175.130]
[173.589,174.679]
[173.710,177.289]
[173.859,178.070]
[174.669,183.139]
[174.729,176.059]
[175.029,176.419]
[175.509,179.660]
[175.869,177.889]
[176.350,180.289]
[176.500,177.800]
[177.459,178.850]
[177.669,180.440]
[178.029,179.479]
[178.839,179.720]
[179.109,180.559]
[179.589,180.619]
[179.889,186.050]
[18.010,19.129]
[18.700,21.170]
[18.909,24.590]
[180.250,182.660]
[180.729,183.679]
[180.940,182.660]
[181.300,182.330]
[181.449,182.869]
[181.600,186.860]
[182.229,183.949]
[183.130,186.889]
[183.190,189.979]
[183.850,185.720]
[185.050,189.800]
[185.770,190.190]
[185.919,186.919]
[186.220,187.610]
[186.369,189.889]
[186.429,187.639]
[186.970,187.880]
[188.020,189.500]
[188.199,189.649]
[188.350,189.289]
[188.529,192.229]
[189.459,191.720]
[189.610,191.539]
[189.639,190.580]
[189.729,192.229]
[189.979,192.830]
[19.059,20.690]
[190.210,191.330]
[191.110,195.380]
[192.130,197.570]
[193.059,194.660]
[193.149,194.300]
[193.240,194.630]
[193.389,194.089]
[193.570,196.220]
[194.949,198.289]
[195.250,197.629]
[195.369,199.369]
[197.139,198.080]
[197.169,198.919]
[197.529,199.369]
[197.739,202.459]
[197.860,201.350]
[199.059,202.910]
[199.210,200.360]
[199.419,200.960]
[199.509,201.110]
[199.990,201.229]
[2.740,3.710]
[20.020,21.200]
[20.049,21.049]
[20.350,24.020]
[200.289,201.619]
[200.949,202.100]
[201.220,203.839]
[202.509,203.570]
[202.570,206.479]
[202.587,207.780]
[202.630,204.169]
[203.619,204.649]
[204.070,205.039]
[204.190,206.660]
[204.789,207.289]
[204.940,206.750]
[205.419,207.860]
[206.740,211.820]
[206.889,209.089]
[206.979,208.279]
[207.100,210.440]
[207.729,212.616]
[207.780,213.079]
[208.929,211.070]
[209.274,213.094]
[21.549,23.120]
[21.729,22.760]
[21.894,24.066]
[210.100,210.979]
[210.160,211.369]
[210.399,214.789]
[211.119,212.210]
[211.539,215.210]
[211.600,212.720]
[211.809,215.960]
[212.050,216.229]
[212.636,213.673]
[213.220,215.179]
[213.249,218.119]
[215.589,218.270]
[215.949,218.660]
[215.979,217.550]
[216.399,220.639]
[216.429,217.490]
[216.669,218.210]
[217.149,218.179]
[217.149,218.509]
[217.869,221.360]
[218.080,219.830]
[218.169,219.770]
[218.229,220.070]
[218.320,219.710]
[218.410,220.460]
[218.949,225.559]
[219.742,224.538]
[22.000,25.399]
[22.510,24.739]
[220.329,224.539]
[220.509,221.449]
[221.529,223.580]
[221.589,223.580]
[221.740,223.160]
[222.550,223.850]
[223.270,225.410]
[223.779,226.039]
[224.020,227.330]
[224.169,225.440]
[224.169,231.020]
[224.596,227.942]
[224.710,226.729]
[225.250,232.880]
[225.309,226.940]
[225.429,228.050]
[225.970,227.720]
[226.899,228.139]
[227.050,228.139]
[227.991,231.579]
[228.039,229.610]
[228.160,232.639]
[228.279,232.399]
[228.309,229.339]
[228.369,229.190]
[229.179,230.779]
[229.869,231.080]
[23.440,27.559]
[23.469,25.879]
[230.679,231.889]
[230.919,233.059]
[231.610,233.660]
[231.789,234.860]
[232.539,237.589]
[232.960,238.250]
[232.990,237.500]
[234.279,236.839]
[235.058,237.558]
[235.149,237.800]
[235.779,239.419]
[235.839,237.649]
[236.440,238.160]
[237.100,239.809]
[238.088,239.449]
[238.149,239.630]
[238.360,239.509]
[238.660,241.130]
[238.720,240.410]
[239.589,241.009]
[239.679,245.000]
[239.949,241.460]
[24.399,27.379]
[24.459,27.770]
[24.579,26.809]
[240.220,244.669]
[240.460,244.429]
[240.759,246.259]
[240.820,242.179]
[241.779,249.320]
[242.289,243.470]
[242.350,243.649]
[242.800,246.559]
[242.889,245.539]
[243.009,244.039]
[245.679,246.679]
[245.770,248.089]
[246.070,250.970]
[246.820,248.630]
[246.910,249.320]
[247.405,248.424]
[247.929,249.289]
[248.918,255.500]
[248.948,250.139]
[249.160,250.130]
[249.580,250.639]
[25.149,27.079]
[25.420,26.870]
[25.540,27.590]
[25.690,29.959]
[25.780,26.959]
[250.170,254.881]
[250.660,252.710]
[251.139,253.880]
[251.259,257.720]
[252.009,253.580]
[252.190,255.139]
[252.789,253.910]
[252.970,254.960]
[253.479,254.360]
[253.720,258.440]
[254.169,256.459]
[254.830,257.660]
[254.997,258.692]
[255.429,257.480]
[255.699,257.390]
[256.659,258.228]
[257.079,258.048]
[257.410,258.320]
[258.040,266.299]
[258.130,260.539]
[258.398,263.329]
[258.820,261.470]
[259.809,261.048]
[260.170,261.890]
[260.470,262.640]
[260.738,264.980]
[261.790,263.839]
[262.779,265.190]
[263.019,267.200]
[263.529,266.329]
[263.769,265.309]
[264.700,266.570]
[264.760,267.049]
[265.450,266.929]
[265.600,268.489]
[265.630,267.200]
[265.929,270.140]
[266.410,273.410]
[266.679,270.170]
[266.950,270.739]
[267.519,269.630]
[267.670,270.950]
[269.739,272.119]
[269.890,275.720]
[27.279,29.359]
[27.969,30.409]
[270.190,272.029]
[270.880,272.119]
[272.170,273.529]
[272.290,273.230]
[273.039,274.940]
[273.039,275.359]
[273.549,279.200]
[273.970,275.179]
[275.320,276.950]
[275.380,277.279]
[275.589,276.529]
[275.589,276.950]
[275.890,283.609]
[276.100,277.309]
[276.730,277.850]
[276.910,277.609]
[277.269,280.790]
[277.299,280.040]
[277.329,278.329]
[278.440,280.399]
[278.619,282.320]
[279.489,280.820]
[279.519,280.940]
[279.820,281.720]
[279.910,282.500]
[28.629,30.000]
[280.059,281.959]
[280.869,285.980]
[281.380,283.010]
[281.739,282.679]
[281.859,288.829]
[281.890,282.920]
[283.119,284.690]
[283.630,286.159]
[283.690,286.820]
[283.809,284.839]
[283.959,286.250]
[285.640,287.420]
[285.850,292.399]
[286.329,287.839]
[286.420,287.720]
[286.540,288.470]
[286.898,288.109]
[287.170,288.679]
[287.589,290.089]
[288.220,290.089]
[289.029,290.359]
[289.089,290.539]
[289.630,292.339]
[289.989,290.809]
[29.229,32.540]
[29.739,30.829]
[29.770,33.200]
[29.829,31.459]
[290.200,291.589]
[290.290,291.500]
[290.410,291.589]
[290.980,294.559]
[291.399,293.600]
[291.760,293.058]
[292.149,293.119]
[292.450,293.450]
[292.690,294.260]
[293.170,294.500]
[293.619,295.070]
[293.649,296.329]
[294.670,295.609]
[294.700,295.549]
[294.790,296.510]
[294.940,297.049]
[295.119,298.100]
[295.179,297.648]
[295.209,296.450]
[296.709,298.369]
[296.890,298.760]
[297.070,298.790]
[297.130,300.859]
[297.309,299.149]
[298.119,299.269]
[298.480,304.100]
[298.660,299.869]
[299.109,304.850]
[299.290,300.589]
[299.380,302.179]
[3.069,4.038]
[3.309,4.340]
[3.369,5.269]
[3.670,5.630]
[3.730,4.789]
[30.000,31.877]
[30.520,34.310]
[30.549,32.569]
[30.879,31.610]
[30.909,36.138]
[300.010,302.510]
[300.429,301.399]
[300.670,304.070]
[302.109,304.220]
[302.200,302.959]
[302.320,304.040]
[302.350,303.320]
[303.190,306.258]
[304.059,305.929]
[304.087,305.599]
[304.119,307.579]
[304.599,306.558]
[304.850,310.820]
[306.009,309.199]
[306.039,307.369]
[306.609,308.329]
[306.698,307.638]
[307.690,308.839]
[307.808,308.989]
[307.810,309.919]
[308.260,311.119]
[308.529,309.559]
[308.529,310.399]
[308.890,312.440]
[309.130,312.710]
[309.219,310.729]
[31.540,35.330]
[31.959,32.900]
[310.359,311.929]
[310.957,313.040]
[310.957,313.639]
[311.199,312.379]
[312.008,314.419]
[312.550,313.730]
[312.790,316.309]
[312.848,314.688]
[313.238,315.229]
[313.508,315.589]
[313.989,317.179]
[314.018,322.430]
[314.290,315.109]
[314.409,315.589]
[314.739,315.890]
[314.739,318.529]
[315.429,316.610]
[315.850,317.119]
[316.239,321.229]
[316.480,322.939]
[318.129,323.207]
[318.369,320.058]
[318.999,320.568]
[319.300,322.969]
[32.830,36.439]
[320.289,322.068]
[321.068,324.169]
[321.229,330.017]
[321.489,322.878]
[322.430,324.889]
[322.989,323.808]
[322.989,326.268]
[323.528,324.410]
[323.860,328.339]
[323.978,328.698]
[324.370,325.398]
[324.579,325.578]
[325.089,326.148]
[325.180,329.778]
[325.778,327.320]
[325.959,327.680]
[326.949,330.709]
[327.368,328.790]
[328.448,332.480]
[329.198,333.889]
[329.260,330.229]
[329.439,330.470]
[329.829,330.948]
[33.099,35.509]
[33.130,35.270]
[33.700,34.759]
[330.017,333.948]
[330.070,335.837]
[330.457,334.190]
[330.970,336.649]
[331.808,333.198]
[332.679,336.918]
[333.669,334.789]
[333.970,336.648]
[333.998,337.578]
[334.239,335.750]
[334.240,337.129]
[335.837,339.199]
[336.909,339.290]
[337.359,338.088]
[337.719,339.078]
[337.777,344.599]
[338.138,341.868]
[338.410,339.230]
[338.440,342.709]
[339.549,343.279]
[339.578,341.479]
[34.029,40.549]
[340.028,344.719]
[340.990,341.990]
[341.589,342.769]
[341.947,343.638]
[341.979,343.070]
[342.910,347.810]
[343.089,347.000]
[343.388,345.708]
[343.749,346.729]
[344.740,347.688]
[344.889,345.860]
[344.949,349.669]
[345.099,345.919]
[345.578,346.520]
[346.057,347.177]
[346.207,349.699]
[347.050,351.078]
[347.079,348.469]
[347.740,352.277]
[349.028,351.678]
[349.208,354.050]
[349.449,355.188]
[349.669,354.409]
[349.957,351.229]
[35.319,39.380]
[351.399,354.049]
[351.578,356.449]
[351.879,360.798]
[352.629,357.708]
[353.019,357.320]
[354.189,355.759]
[354.489,355.909]
[355.239,359.778]
[356.140,359.659]
[356.469,363.500]
[357.339,361.458]
[357.489,364.188]
[358.448,360.078]
[359.828,363.978]
[36.459,37.490]
[36.610,43.700]
[36.639,38.059]
[360.339,361.609]
[360.818,361.939]
[361.599,368.178]
[361.749,362.990]
[362.409,366.768]
[363.578,366.707]
[363.669,364.759]
[363.789,368.029]
[364.180,370.909]
[364.188,371.119]
[364.629,365.778]
[367.000,374.570]
[367.569,370.669]
[367.599,371.388]
[368.679,370.219]
[368.768,377.389]
[37.090,38.119]
[37.174,42.828]
[370.909,376.699]
[371.119,374.269]
[371.618,373.068]
[371.738,375.259]
[371.948,373.009]
[372.370,373.819]
[372.457,374.120]
[373.388,375.498]
[373.419,375.018]
[373.628,374.750]
[374.559,375.859]
[374.707,376.097]
[375.159,377.120]
[375.278,377.448]
[375.339,380.808]
[375.998,377.838]
[376.720,380.449]
[377.198,381.499]
[377.289,378.919]
[377.389,380.240]
[377.888,379.429]
[378.160,379.278]
[378.188,379.249]
[378.758,379.820]
[380.260,382.039]
[380.409,382.249]
[380.410,387.858]
[380.707,382.250]
[380.738,381.439]
[381.578,385.369]
[382.120,383.719]
[382.479,384.709]
[383.050,384.768]
[384.189,385.518]
[384.579,386.120]
[384.760,387.768]
[385.028,386.148]
[385.180,387.259]
[385.810,387.680]
[385.957,391.220]
[386.470,387.739]
[387.670,388.940]
[387.819,389.839]
[388.027,389.180]
[388.207,389.899]
[388.360,389.898]
[388.419,390.498]
[388.599,390.318]
[389.079,389.899]
[389.229,391.789]
[389.620,393.949]
[39.939,44.209]
[390.129,392.240]
[390.609,391.850]
[391.000,397.250]
[391.629,392.629]
[391.989,399.440]
[392.230,394.790]
[392.649,394.220]
[393.130,394.429]
[393.879,399.078]
[393.970,397.550]
[394.300,399.707]
[396.039,397.789]
[396.100,397.490]
[396.700,397.490]
[397.060,399.258]
[397.250,400.490]
[397.599,398.777]
[397.599,401.778]
[398.410,399.829]
[399.039,400.277]
[399.789,401.959]
[4.360,5.480]
[4.630,8.029]
[40.810,44.689]
[40.930,44.330]
[400.359,404.568]
[400.870,402.199]
[400.990,402.740]
[401.229,402.500]
[401.378,403.579]
[401.648,402.439]
[402.039,404.957]
[402.459,409.158]
[402.579,403.309]
[402.699,404.239]
[402.878,404.238]
[403.659,404.659]
[403.778,405.559]
[404.079,405.018]
[404.320,405.829]
[404.380,405.380]
[404.560,405.319]
[404.589,406.818]
[404.830,406.520]
[404.980,407.599]
[406.028,408.380]
[406.060,408.409]
[406.180,407.148]
[406.508,408.019]
[406.539,409.609]
[407.410,408.799]
[407.829,410.449]
[408.039,414.198]
[408.220,411.528]
[409.150,411.469]
[409.208,410.120]
[409.810,410.810]
[41.590,42.950]
[41.650,44.360]
[410.020,411.859]
[410.170,411.078]
[410.470,411.470]
[411.819,412.939]
[411.939,413.599]
[412.359,414.469]
[412.540,413.299]
[412.568,414.019]
[412.777,413.540]
[413.080,414.289]
[413.379,415.250]
[414.219,421.099]
[414.698,415.878]
[415.089,418.459]
[415.269,417.049]
[415.419,416.659]
[415.448,416.930]
[415.570,420.558]
[415.659,417.620]
[417.129,419.058]
[417.277,418.818]
[417.369,420.439]
[418.059,419.628]
[419.560,422.539]
[419.619,420.650]
[419.707,426.110]
[42.009,44.090]
[42.580,46.729]
[42.880,44.750]
[420.699,421.669]
[420.758,424.758]
[421.300,424.730]
[421.720,424.610]
[421.870,427.399]
[422.408,423.378]
[422.558,425.599]
[422.889,425.990]
[423.698,425.238]
[424.749,426.259]
[424.838,426.317]
[424.990,426.709]
[426.188,431.539]
[426.579,427.550]
[426.698,429.620]
[427.150,428.058]
[427.448,433.760]
[427.480,434.180]
[427.839,432.978]
[428.199,430.129]
[429.398,431.569]
[43.060,44.810]
[43.060,47.000]
[431.050,434.510]
[431.587,432.409]
[432.819,434.389]
[432.938,438.950]
[432.940,436.550]
[433.540,435.438]
[433.760,440.510]
[434.558,438.018]
[434.587,438.349]
[434.888,436.278]
[436.419,440.509]
[436.569,438.649]
[436.930,437.959]
[438.398,440.087]
[438.638,442.849]
[439.569,442.970]
[44.349,46.400]
[44.979,47.720]
[440.169,448.609]
[440.500,444.198]
[440.510,450.198]
[440.619,446.630]
[441.610,444.138]
[441.639,442.878]
[442.870,444.409]
[443.110,445.819]
[445.749,448.698]
[445.870,447.948]
[446.198,449.869]
[446.318,448.309]
[446.740,449.029]
[447.339,455.928]
[448.239,449.359]
[449.350,453.320]
[45.250,46.669]
[45.759,46.970]
[45.790,47.389]
[450.198,453.740]
[450.250,458.539]
[450.370,452.599]
[451.087,452.420]
[451.420,453.800]
[452.470,453.768]
[453.099,454.099]
[453.698,454.820]
[453.789,460.190]
[454.149,460.399]
[454.539,456.109]
[455.410,460.550]
[456.160,464.028]
[456.219,457.250]
[456.489,459.919]
[456.849,457.760]
[457.599,458.629]
[458.769,461.448]
[459.010,461.779]
[46.119,47.029]
[46.900,48.319]
[460.190,466.070]
[460.388,461.540]
[460.399,469.818]
[461.890,463.460]
[463.268,464.479]
[463.689,467.929]
[463.959,464.659]
[464.028,470.388]
[464.078,465.048]
[464.350,466.100]
[464.709,465.560]
[465.039,466.220]
[465.070,472.969]
[465.608,469.219]
[466.270,468.467]
[466.720,468.229]
[468.159,470.299]
[469.239,470.510]
[469.420,470.568]
[469.506,470.960]
[469.749,470.779]
[469.990,473.568]
[47.049,48.950]
[47.165,54.825]
[47.650,49.279]
[470.438,471.528]
[470.438,472.040]
[470.560,471.768]
[470.977,477.830]
[471.248,474.768]
[471.518,475.069]
[471.759,474.680]
[472.060,472.849]
[472.659,474.528]
[472.929,474.589]
[473.050,474.888]
[473.200,479.419]
[473.288,474.288]
[473.438,474.798]
[473.859,475.760]
[476.109,482.960]
[476.198,480.318]
[476.260,481.010]
[476.318,477.860]
[476.618,477.860]
[476.979,478.309]
[477.010,479.808]
[477.339,479.328]
[478.539,479.630]
[48.130,49.520]
[48.520,52.310]
[48.700,49.909]
[48.970,51.830]
[480.068,482.420]
[480.070,483.169]
[480.490,483.079]
[480.518,484.220]
[480.850,482.150]
[481.869,489.289]
[482.349,484.039]
[482.980,484.188]
[483.099,485.328]
[483.278,484.370]
[484.087,485.209]
[484.450,486.650]
[484.870,493.489]
[485.289,489.050]
[485.679,486.888]
[485.738,488.359]
[486.519,492.049]
[486.909,490.340]
[487.087,488.000]
[487.148,488.539]
[487.209,491.119]
[488.828,489.919]
[489.130,491.750]
[489.370,491.508]
[49.090,50.540]
[49.119,53.029]
[49.569,50.450]
[49.659,50.630]
[490.058,490.940]
[491.020,494.119]
[491.289,492.589]
[491.438,493.039]
[491.859,493.609]
[492.279,495.619]
[492.609,495.019]
[492.970,496.458]
[493.240,495.080]
[493.489,497.510]
[494.140,497.210]
[494.378,497.509]
[495.698,499.520]
[495.820,497.270]
[496.058,498.320]
[496.449,500.328]
[497.440,503.479]
[497.618,506.390]
[497.828,499.459]
[497.919,502.729]
[498.518,500.779]
[499.388,500.509]
[499.838,501.318]
[5.050,6.170]
[5.500,7.730]
[5.559,6.679]
[5.650,7.400]
[5.710,7.099]
[5.980,7.400]
[5.980,7.610]
[50.349,52.489]
[50.368,51.298]
[50.470,52.729]
[501.819,503.569]
[502.749,504.799]
[502.837,506.087]
[503.318,505.039]
[503.479,506.990]
[503.889,505.759]
[503.919,505.160]
[504.369,506.328]
[504.398,506.329]
[504.969,508.278]
[505.420,511.278]
[506.470,507.800]
[506.770,510.740]
[507.039,509.119]
[507.159,515.338]
[507.519,509.599]
[507.578,508.640]
[509.259,510.318]
[509.289,510.230]
[509.679,510.919]
[51.040,51.860]
[51.405,55.009]
[51.700,52.939]
[51.880,52.700]
[510.458,511.399]
[510.519,511.609]
[511.089,512.600]
[511.390,514.547]
[511.420,513.168]
[511.659,514.879]
[512.798,515.630]
[513.098,515.269]
[513.668,520.970]
[513.669,516.079]
[513.848,515.598]
[514.927,518.120]
[514.959,518.808]
[515.140,517.068]
[515.338,521.837]
[516.098,517.787]
[517.089,519.318]
[517.508,521.388]
[518.948,520.068]
[518.980,519.678]
[519.010,520.938]
[519.760,528.079]
[52.150,53.479]
[52.810,58.549]
[52.958,57.169]
[520.778,526.098]
[521.048,524.959]
[521.677,524.509]
[521.837,526.940]
[522.307,525.440]
[522.398,523.879]
[523.119,524.178]
[523.270,524.538]
[523.750,524.658]
[524.740,527.900]
[525.038,526.579]
[525.189,525.980]
[525.460,529.428]
[525.610,527.210]
[526.940,535.219]
[527.319,528.048]
[527.349,528.798]
[527.438,533.358]
[527.979,529.460]
[528.079,529.010]
[528.099,529.008]
[529.209,532.189]
[529.509,534.110]
[529.569,531.650]
[529.869,532.699]
[531.190,532.490]
[531.219,534.768]
[531.250,534.918]
[531.608,532.700]
[531.788,533.839]
[532.959,535.398]
[533.377,535.159]
[534.069,536.358]
[534.309,537.110]
[534.819,537.439]
[534.970,536.778]
[535.219,541.367]
[535.449,537.259]
[535.688,536.959]
[536.379,537.379]
[536.829,538.699]
[536.860,539.690]
[537.158,539.119]
[537.759,542.149]
[538.569,545.028]
[539.048,547.069]
[539.710,541.518]
[539.859,542.569]
[54.099,55.250]
[54.250,55.849]
[54.729,57.110]
[54.880,58.069]
[540.640,541.490]
[541.449,545.419]
[541.538,548.178]
[541.959,543.199]
[542.199,543.350]
[542.500,543.319]
[543.369,545.149]
[543.699,546.259]
[544.898,546.888]
[545.110,546.319]
[545.229,546.889]
[545.319,546.950]
[545.619,547.759]
[545.919,547.158]
[546.518,548.360]
[546.730,547.730]
[547.329,548.240]
[547.329,548.299]
[547.389,549.169]
[547.449,552.650]
[548.259,549.919]
[548.619,550.069]
[548.679,550.130]
[548.890,551.089]
[549.159,551.358]
[549.609,557.298]
[55.029,56.000]
[55.150,56.240]
[55.720,57.319]
[550.148,551.239]
[550.329,558.348]
[550.598,552.348]
[551.768,553.969]
[551.829,556.398]
[551.918,555.140]
[552.699,557.210]
[552.730,554.146]
[553.720,554.720]
[554.048,556.490]
[555.308,558.288]
[555.518,557.720]
[556.268,557.028]
[556.869,558.408]
[557.229,558.918]
[557.319,562.460]
[557.529,558.830]
[557.559,562.458]
[557.709,562.398]
[558.398,560.000]
[558.399,562.190]
[559.299,560.748]
[56.529,57.529]
[560.019,561.528]
[561.638,564.229]
[561.760,564.110]
[562.269,569.240]
[562.330,565.250]
[562.569,563.807]
[562.600,567.530]
[563.110,564.350]
[563.408,565.130]
[563.950,566.450]
[564.759,573.079]
[564.969,565.668]
[566.408,567.319]
[566.889,567.829]
[566.950,568.519]
[567.399,573.710]
[567.880,569.298]
[568.210,570.770]
[568.480,571.100]
[568.539,570.319]
[569.199,571.460]
[569.240,574.159]
[569.620,571.128]
[57.099,58.069]
[57.310,59.119]
[57.549,61.639]
[571.058,572.867]
[572.169,573.589]
[572.649,575.299]
[572.799,576.379]
[572.980,574.730]
[573.970,582.769]
[574.179,581.659]
[574.599,576.020]
[575.860,577.848]
[576.339,578.598]
[576.520,581.329]
[577.750,579.979]
[577.839,581.779]
[578.199,583.970]
[578.200,579.380]
[579.129,580.189]
[579.819,581.390]
[58.360,59.810]
[58.630,60.560]
[580.148,581.209]
[580.270,581.329]
[580.299,581.058]
[580.329,582.950]
[580.329,585.979]
[581.620,583.130]
[581.659,586.368]
[582.100,583.339]
[582.639,584.509]
[582.769,588.139]
[583.870,585.018]
[583.929,585.408]
[584.230,586.069]
[585.308,586.940]
[586.209,590.599]
[586.269,587.419]
[586.539,589.339]
[586.809,587.900]
[586.990,590.059]
[587.470,590.028]
[587.528,588.648]
[587.589,588.709]
[588.069,589.158]
[588.190,590.299]
[588.669,596.449]
[589.058,590.118]
[589.449,591.139]
[589.689,591.348]
[589.719,591.918]
[589.839,594.169]
[59.290,60.439]
[59.560,61.880]
[59.889,64.220]
[59.918,61.400]
[590.320,594.679]
[590.798,592.459]
[591.909,593.148]
[592.390,594.020]
[592.449,596.630]
[593.529,594.469]
[593.590,595.428]
[593.739,596.239]
[594.099,596.030]
[594.130,595.459]
[594.460,596.358]
[594.700,596.749]
[594.759,597.079]
[595.749,596.959]
[596.169,597.709]
[596.589,604.130]
[597.579,598.819]
[597.669,600.409]
[597.730,601.700]
[598.389,601.759]
[599.230,605.689]
[599.319,601.819]
[6.219,7.849]
[6.429,7.579]
[6.639,8.239]
[6.819,8.000]
[6.880,9.140]
[60.340,62.180]
[600.610,604.520]
[601.089,602.630]
[601.179,602.809]
[601.959,603.528]
[602.769,604.220]
[602.829,605.000]
[603.459,605.118]
[603.548,605.148]
[604.028,609.139]
[604.299,606.380]
[604.780,608.598]
[605.500,608.059]
[605.618,606.469]
[605.689,610.038]
[606.100,609.440]
[606.368,608.059]
[606.370,607.848]
[607.839,610.189]
[608.199,609.889]
[609.038,617.478]
[61.150,62.419]
[61.360,62.959]
[61.779,63.709]
[61.840,63.650]
[610.000,610.970]
[610.329,615.499]
[610.358,612.139]
[611.319,613.370]
[611.350,612.558]
[611.499,614.389]
[612.220,613.189]
[612.520,617.689]
[612.549,618.260]
[612.608,615.440]
[613.539,614.720]
[615.429,616.548]
[615.759,620.119]
[616.028,618.709]
[616.419,617.898]
[616.690,623.629]
[617.478,625.610]
[617.738,620.569]
[617.768,621.830]
[617.950,619.580]
[618.260,625.159]
[619.509,620.629]
[619.809,620.929]
[62.740,68.569]
[62.860,67.040]
[620.589,627.529]
[620.949,624.918]
[621.908,624.739]
[622.239,626.058]
[623.648,624.709]
[625.358,626.989]
[625.478,626.416]
[625.478,626.898]
[625.611,631.279]
[626.679,633.649]
[626.948,631.638]
[627.278,628.219]
[627.369,628.579]
[627.579,635.449]
[627.878,629.090]
[628.029,629.480]
[628.209,629.209]
[628.449,630.348]
[628.600,631.340]
[629.618,631.398]
[629.858,630.889]
[63.669,65.089]
[630.968,633.108]
[631.029,632.779]
[631.718,637.940]
[632.110,634.248]
[632.138,633.048]
[633.158,634.518]
[633.649,637.939]
[634.240,638.330]
[634.299,643.069]
[634.569,635.779]
[634.808,638.149]
[635.013,635.379]
[635.229,636.498]
[635.379,636.258]
[635.919,636.829]
[636.069,638.418]
[636.258,636.526]
[638.319,639.979]
[638.378,639.978]
[638.858,640.668]
[638.890,640.579]
[638.920,640.368]
[639.158,641.808]
[639.250,640.278]
[64.150,65.300]
[64.300,67.430]
[64.509,66.919]
[64.809,66.050]
[640.029,641.119]
[640.569,642.410]
[640.988,642.440]
[641.260,644.959]
[641.319,644.358]
[641.320,642.320]
[642.158,643.428]
[642.638,644.478]
[642.850,643.939]
[643.069,649.849]
[643.330,644.959]
[643.539,645.019]
[644.169,645.138]
[644.199,649.488]
[644.959,650.569]
[645.100,645.980]
[645.158,647.928]
[646.149,647.689]
[646.569,648.019]
[646.989,649.369]
[647.078,647.928]
[647.498,649.489]
[648.038,650.358]
[648.578,651.049]
[649.419,652.549]
[649.849,655.398]
[649.928,653.028]
[65.500,68.300]
[650.709,652.519]
[651.128,659.479]
[651.130,653.239]
[652.210,653.629]
[652.779,655.669]
[652.989,654.199]
[653.500,655.759]
[654.220,655.489]
[654.879,660.319]
[655.028,656.179]
[655.629,658.338]
[655.630,656.419]
[655.748,659.360]
[655.899,659.269]
[656.108,659.479]
[656.470,658.428]
[657.279,658.639]
[658.059,659.240]
[658.480,660.439]
[659.469,661.428]
[659.618,665.450]
[659.678,662.628]
[659.679,661.759]
[66.069,68.540]
[66.160,67.129]
[66.970,68.389]
[660.639,664.998]
[661.749,665.418]
[662.768,664.849]
[663.159,666.019]
[663.339,664.940]
[663.370,668.719]
[663.519,664.488]
[665.229,666.408]
[665.288,666.439]
[665.528,667.100]
[666.248,669.018]
[666.520,667.520]
[666.549,668.778]
[666.998,673.159]
[667.209,670.309]
[667.660,669.650]
[668.289,670.039]
[668.889,674.689]
[669.130,675.528]
[669.218,672.319]
[669.309,670.939]
[669.880,673.279]
[67.778,75.739]
[670.960,672.079]
[671.259,676.910]
[671.438,672.679]
[672.338,676.549]
[673.450,674.628]
[673.569,675.529]
[674.139,676.400]
[674.830,677.089]
[675.070,679.038]
[675.098,680.178]
[675.640,677.239]
[676.750,678.410]
[676.808,680.449]
[677.049,681.289]
[677.949,680.089]
[678.368,682.548]
[678.429,681.380]
[678.518,683.808]
[679.508,680.569]
[68.080,70.400]
[68.739,73.819]
[68.769,73.550]
[68.800,69.980]
[68.800,70.099]
[680.470,682.010]
[680.920,682.309]
[681.400,684.860]
[681.610,684.200]
[682.510,687.799]
[682.719,684.079]
[683.918,684.799]
[684.098,685.189]
[684.459,685.789]
[684.488,685.488]
[684.759,687.559]
[684.879,689.330]
[684.970,691.399]
[685.178,686.239]
[685.929,686.959]
[686.950,688.608]
[687.220,688.190]
[687.369,690.978]
[687.640,688.670]
[687.799,691.699]
[688.869,690.200]
[689.440,691.519]
[689.649,695.778]
[69.069,69.919]
[690.220,692.179]
[690.939,691.790]
[691.028,692.628]
[691.179,694.128]
[691.569,695.689]
[691.928,693.438]
[691.959,693.139]
[692.230,695.569]
[693.128,697.339]
[693.279,695.839]
[693.848,699.440]
[694.388,695.358]
[695.778,700.369]
[695.888,698.870]
[695.949,697.819]
[696.220,701.389]
[697.388,700.368]
[697.899,701.660]
[698.138,700.578]
[699.129,706.098]
[699.819,701.179]
[699.998,700.998]
[7.630,10.460]
[7.929,9.890]
[70.269,72.260]
[70.300,71.419]
[70.900,73.819]
[700.989,703.039]
[701.019,708.589]
[701.320,702.559]
[701.499,705.980]
[702.039,705.709]
[702.700,704.720]
[703.090,705.980]
[703.418,704.328]
[703.959,705.259]
[704.019,705.738]
[706.098,710.808]
[706.150,712.339]
[706.628,711.138]
[707.918,709.038]
[708.100,713.419]
[708.189,709.309]
[708.189,710.239]
[708.589,710.119]
[71.290,73.489]
[71.440,75.139]
[71.589,74.480]
[710.349,712.969]
[710.649,711.770]
[710.678,714.979]
[710.799,712.279]
[710.829,713.298]
[712.339,717.858]
[712.449,715.278]
[713.319,715.100]
[713.408,720.408]
[714.069,715.009]
[715.059,716.119]
[715.298,720.079]
[715.449,718.009]
[715.539,716.509]
[716.440,717.320]
[716.440,720.019]
[716.918,719.449]
[716.950,722.058]
[717.069,722.509]
[717.309,718.309]
[717.999,719.149]
[719.709,725.028]
[719.739,721.129]
[72.550,75.860]
[720.218,722.089]
[720.220,721.189]
[720.408,729.048]
[720.579,726.858]
[721.238,724.219]
[722.168,724.489]
[722.709,723.679]
[724.059,727.608]
[724.299,725.238]
[724.779,732.139]
[725.498,728.748]
[725.649,727.399]
[725.859,728.358]
[726.579,728.628]
[726.858,729.949]
[727.868,731.539]
[728.078,729.288]
[728.949,731.178]
[729.048,731.778]
[729.490,730.490]
[729.970,731.330]
[730.149,735.349]
[730.449,732.589]
[731.288,739.879]
[731.918,734.628]
[732.098,733.399]
[732.219,733.219]
[732.459,734.059]
[733.270,734.149]
[733.388,734.418]
[733.418,734.598]
[733.840,737.360]
[734.499,736.669]
[734.980,741.230]
[735.190,736.129]
[735.339,736.158]
[735.428,736.759]
[735.819,739.218]
[736.089,737.449]
[736.119,737.149]
[736.329,737.870]
[736.509,738.709]
[736.869,738.108]
[737.020,738.378]
[737.168,738.858]
[737.649,738.679]
[737.890,746.509]
[739.298,744.259]
[739.928,740.989]
[739.989,743.569]
[74.080,76.040]
[74.230,75.260]
[740.168,741.649]
[741.248,745.579]
[741.458,745.070]
[741.940,743.448]
[742.808,743.900]
[743.019,745.309]
[743.860,746.179]
[744.279,745.219]
[744.970,745.789]
[744.999,746.926]
[745.148,751.279]
[745.919,748.228]
[745.958,748.579]
[746.020,750.319]
[746.589,747.710]
[746.647,752.358]
[746.919,754.699]
[747.729,751.460]
[747.848,749.598]
[749.169,751.878]
[75.309,77.089]
[75.489,76.790]
[75.910,77.690]
[750.396,752.689]
[751.329,754.158]
[751.657,754.969]
[751.900,754.069]
[752.380,753.380]
[752.647,755.419]
[753.699,758.120]
[754.300,755.899]
[754.570,760.428]
[754.699,756.529]
[755.320,756.350]
[755.470,761.600]
[755.740,756.978]
[755.980,757.099]
[756.490,758.118]
[756.908,758.539]
[757.119,758.779]
[757.419,759.890]
[758.618,760.399]
[758.829,761.808]
[758.889,760.249]
[759.039,762.499]
[76.120,78.470]
[76.300,77.239]
[76.480,78.500]
[760.059,761.059]
[760.629,761.929]
[760.749,762.798]
[760.898,762.379]
[761.350,762.619]
[761.378,766.460]
[761.740,766.880]
[762.848,767.509]
[762.968,764.359]
[763.179,766.669]
[763.540,766.010]
[764.048,765.529]
[764.079,766.789]
[765.909,766.789]
[766.179,767.569]
[766.628,768.139]
[766.750,769.819]
[766.929,768.319]
[767.708,768.499]
[767.769,768.650]
[768.490,770.749]
[769.030,773.270]
[769.330,773.449]
[769.479,771.259]
[769.809,772.099]
[769.898,772.458]
[77.080,79.279]
[77.470,78.169]
[77.680,79.220]
[77.949,80.510]
[770.710,771.710]
[771.219,774.408]
[771.369,773.899]
[771.758,777.258]
[771.759,773.748]
[771.910,773.179]
[772.480,773.960]
[772.538,774.468]
[772.598,774.559]
[773.889,775.970]
[774.458,775.909]
[774.668,775.788]
[775.088,775.998]
[775.119,776.268]
[776.440,779.210]
[776.470,780.589]
[776.498,778.158]
[776.589,781.429]
[776.830,777.528]
[776.980,778.909]
[777.070,778.158]
[778.330,782.298]
[779.230,781.069]
[779.710,782.390]
[779.919,784.490]
[78.519,83.389]
[78.550,80.330]
[78.730,79.610]
[780.009,782.748]
[780.759,786.259]
[780.908,783.710]
[781.659,789.260]
[781.928,785.719]
[782.169,783.589]
[783.399,784.429]
[784.329,789.618]
[785.199,787.910]
[786.369,788.179]
[786.759,788.059]
[787.659,789.618]
[788.199,789.678]
[789.260,792.530]
[789.399,795.048]
[789.968,796.460]
[79.059,83.779]
[79.540,80.720]
[79.569,80.750]
[79.900,81.440]
[79.959,80.900]
[790.690,792.738]
[791.079,792.440]
[791.380,792.798]
[791.470,792.830]
[792.249,795.229]
[792.399,795.978]
[792.579,795.650]
[793.059,794.329]
[793.178,794.389]
[793.690,796.098]
[793.720,794.809]
[794.438,795.678]
[794.469,795.738]
[794.889,796.279]
[795.069,803.210]
[795.309,797.419]
[795.670,799.128]
[795.940,801.079]
[796.449,798.378]
[796.718,800.240]
[796.899,798.048]
[797.169,798.589]
[798.309,799.339]
[798.668,799.700]
[799.418,801.289]
[799.539,801.949]
[799.839,800.929]
[80.410,84.500]
[80.709,83.510]
[800.410,804.468]
[801.398,802.159]
[801.488,802.699]
[801.520,802.640]
[801.670,802.640]
[801.970,810.259]
[802.689,809.239]
[802.809,804.109]
[803.350,804.499]
[803.529,804.230]
[803.529,804.770]
[804.579,810.439]
[804.699,806.390]
[805.000,806.630]
[805.059,806.208]
[806.259,810.619]
[806.860,809.240]
[806.918,810.259]
[807.250,808.639]
[809.019,811.700]
[809.239,813.149]
[809.320,810.408]
[81.010,83.750]
[81.010,86.209]
[81.580,82.309]
[810.259,818.268]
[810.490,815.210]
[810.639,813.288]
[810.970,811.999]
[810.970,812.359]
[812.980,815.778]
[813.189,820.400]
[813.190,814.309]
[813.759,820.518]
[813.879,817.788]
[814.389,817.579]
[814.449,815.750]
[814.839,815.960]
[816.009,817.009]
[816.279,818.178]
[816.518,817.218]
[817.089,819.229]
[817.418,818.480]
[817.870,820.010]
[818.018,820.878]
[818.048,823.999]
[818.919,819.740]
[819.070,821.720]
[819.398,820.249]
[819.850,821.690]
[82.179,83.540]
[820.118,821.478]
[820.149,821.809]
[820.400,823.370]
[820.518,822.949]
[821.500,822.589]
[822.549,824.027]
[822.549,824.058]
[822.610,824.539]
[823.449,826.908]
[823.628,826.878]
[823.958,825.738]
[824.139,825.739]
[824.200,829.549]
[824.740,825.979]
[825.279,828.320]
[825.608,826.669]
[826.119,829.699]
[826.330,829.609]
[826.449,833.749]
[826.929,828.199]
[827.259,828.440]
[827.859,829.130]
[828.520,833.000]
[829.089,832.518]
[829.960,831.500]
[83.379,86.750]
[83.529,85.040]
[83.889,85.069]
[830.230,835.669]
[830.557,831.739]
[831.249,832.759]
[831.579,832.669]
[832.119,840.410]
[832.299,839.540]
[832.509,833.598]
[832.659,834.258]
[832.689,833.718]
[833.020,835.908]
[833.109,834.649]
[834.190,834.949]
[834.489,835.699]
[834.999,836.598]
[835.779,837.079]
[835.868,837.348]
[836.079,840.918]
[836.168,837.709]
[836.290,837.260]
[836.559,837.889]
[836.650,839.449]
[838.598,839.988]
[839.468,845.059]
[839.800,841.339]
[84.940,91.160]
[84.970,87.349]
[840.100,841.190]
[840.548,844.848]
[840.849,843.410]
[841.330,844.819]
[841.809,842.690]
[842.829,850.579]
[843.158,845.149]
[843.159,844.339]
[843.248,844.427]
[843.398,845.238]
[843.430,844.999]
[844.719,845.659]
[845.018,847.309]
[845.169,851.240]
[845.559,852.770]
[846.009,847.609]
[847.449,856.010]
[847.659,848.748]
[848.679,853.429]
[849.820,852.499]
[849.848,858.768]
[849.999,852.199]
[85.239,86.449]
[85.419,86.900]
[850.868,851.808]
[851.289,855.470]
[851.890,853.039]
[851.978,853.968]
[852.249,853.339]
[852.669,855.408]
[853.298,855.320]
[853.419,854.450]
[854.319,860.480]
[854.620,857.989]
[854.918,855.739]
[855.640,858.949]
[855.908,856.878]
[856.120,859.819]
[856.419,858.619]
[856.538,858.049]
[858.668,859.609]
[858.669,862.009]
[859.268,865.669]
[859.298,863.690]
[859.419,860.960]
[859.600,862.309]
[859.900,863.358]
[86.349,89.779]
[86.739,87.650]
[86.769,88.849]
[860.078,860.928]
[860.480,866.870]
[862.240,863.660]
[862.809,864.350]
[863.139,865.070]
[863.890,866.868]
[864.040,867.770]
[864.158,870.380]
[864.159,865.279]
[865.029,866.330]
[865.419,870.499]
[865.669,874.548]
[866.349,867.559]
[866.889,868.669]
[867.788,869.119]
[867.849,871.430]
[868.960,872.480]
[87.010,90.319]
[87.519,89.629]
[870.279,871.459]
[870.380,878.030]
[870.499,878.389]
[871.119,872.450]
[873.278,874.759]
[874.510,882.499]
[874.598,875.630]
[874.659,878.359]
[874.749,877.730]
[875.200,876.200]
[876.849,878.358]
[877.209,884.748]
[877.899,879.830]
[877.900,879.678]
[878.030,880.579]
[878.200,880.158]
[878.499,884.929]
[879.699,880.848]
[879.760,882.800]
[88.660,91.639]
[88.870,89.660]
[880.868,882.288]
[880.900,884.150]
[881.410,883.490]
[881.470,883.278]
[881.949,883.278]
[882.909,884.090]
[883.628,884.509]
[884.648,886.999]
[884.710,887.059]
[884.799,886.489]
[885.008,888.949]
[885.490,887.719]
[885.820,889.969]
[886.300,887.929]
[886.568,890.659]
[886.900,887.839]
[887.109,891.200]
[887.320,890.149]
[888.069,889.160]
[888.880,890.059]
[888.949,895.429]
[888.970,890.299]
[889.150,890.240]
[89.199,94.879]
[89.529,91.610]
[89.830,91.010]
[890.709,893.989]
[890.799,892.190]
[891.100,892.070]
[891.218,893.210]
[891.609,892.700]
[891.609,894.829]
[892.569,896.390]
[893.109,894.859]
[893.259,894.918]
[893.319,895.069]
[894.278,896.509]
[894.968,895.939]
[895.180,903.140]
[895.419,897.350]
[895.449,902.120]
[895.509,897.139]
[895.989,898.249]
[896.049,896.750]
[896.680,898.490]
[896.979,899.839]
[897.428,899.719]
[897.909,899.298]
[898.240,899.179]
[898.900,900.138]
[899.739,900.648]
[9.069,12.319]
[90.370,96.620]
[90.459,93.349]
[90.550,92.029]
[90.580,91.550]
[900.070,903.080]
[900.190,903.470]
[900.998,903.589]
[901.118,903.559]
[902.120,908.149]
[903.080,910.098]
[903.140,907.790]
[903.460,904.309]
[903.849,909.589]
[904.148,906.379]
[904.809,906.378]
[904.960,906.950]
[906.128,907.098]
[907.329,910.310]
[907.749,908.718]
[907.778,910.009]
[907.779,912.888]
[907.960,909.920]
[908.149,911.268]
[909.400,910.608]
[909.730,911.269]
[909.939,911.538]
[91.419,93.980]
[91.720,97.279]
[910.419,912.528]
[910.719,911.450]
[910.839,912.289]
[911.288,915.649]
[911.348,912.770]
[911.859,913.220]
[911.978,916.400]
[912.579,914.300]
[912.788,918.979]
[912.999,918.079]
[914.408,915.649]
[914.440,915.380]
[914.679,916.788]
[915.130,917.059]
[915.429,916.910]
[915.848,918.949]
[916.329,919.308]
[917.199,918.530]
[917.918,919.609]
[918.189,920.209]
[918.308,920.149]
[918.819,922.219]
[919.118,923.149]
[919.479,921.259]
[919.659,921.589]
[920.408,921.949]
[920.470,922.100]
[920.528,923.839]
[920.980,927.349]
[921.040,923.239]
[922.060,924.858]
[922.329,923.539]
[922.358,923.593]
[923.610,924.153]
[924.069,927.589]
[924.159,926.299]
[924.279,925.729]
[924.398,925.668]
[925.240,931.219]
[925.569,927.529]
[925.929,928.518]
[926.979,927.890]
[927.098,934.309]
[927.349,931.579]
[927.610,928.490]
[928.419,930.260]
[928.658,935.449]
[928.899,930.319]
[929.048,931.008]
[929.409,930.169]
[929.498,930.379]
[93.429,96.260]
[93.489,94.220]
[931.058,932.118]
[931.270,937.160]
[931.749,935.629]
[931.778,935.208]
[933.878,935.479]
[934.028,935.869]
[934.310,941.959]
[935.449,940.788]
[935.528,937.878]
[935.644,940.725]
[935.678,939.377]
[935.680,936.740]
[937.420,939.648]
[937.839,939.710]
[938.889,940.219]
[938.918,940.579]
[939.279,941.749]
[939.699,940.848]
[94.809,95.959]
[940.419,941.478]
[940.659,944.569]
[940.778,941.658]
[940.869,943.248]
[941.020,943.608]
[941.919,944.148]
[941.959,946.248]
[942.159,944.720]
[942.609,944.508]
[943.239,945.558]
[944.049,948.858]
[944.529,945.709]
[944.709,946.939]
[944.769,946.699]
[944.950,946.156]
[945.729,948.139]
[946.248,953.839]
[946.268,947.238]
[946.508,949.579]
[947.050,948.109]
[947.470,951.169]
[947.500,950.449]
[947.798,950.150]
[948.158,949.488]
[949.239,950.358]
[949.240,952.129]
[95.110,101.930]
[95.559,97.879]
[950.199,952.279]
[950.290,951.648]
[950.528,952.308]
[951.429,954.919]
[951.699,952.549]
[951.970,953.000]
[952.089,953.179]
[952.868,954.350]
[952.869,954.619]
[954.218,955.909]
[954.430,956.239]
[954.639,955.998]
[954.699,961.580]
[954.967,956.868]
[955.239,961.670]
[956.409,958.159]
[956.650,958.069]
[956.679,957.738]
[956.889,957.799]
[957.098,958.967]
[958.388,959.689]
[958.779,964.879]
[958.960,961.039]
[959.019,960.289]
[959.108,960.018]
[959.259,961.458]
[961.568,963.319]
[961.688,967.279]
[962.199,967.249]
[962.379,963.875]
[962.678,963.588]
[962.738,963.738]
[963.459,965.748]
[963.904,965.155]
[963.909,965.269]
[964.000,965.420]
[964.388,966.259]
[964.570,966.799]
[965.203,966.808]
[965.439,966.679]
[965.768,967.428]
[966.880,968.690]
[967.059,970.429]
[967.088,967.998]
[967.298,971.918]
[967.598,974.059]
[967.600,968.869]
[967.718,969.919]
[969.219,970.398]
[969.400,971.299]
[97.089,100.250]
[97.279,102.470]
[97.569,99.529]
[97.989,98.930]
[970.059,971.838]
[970.233,971.766]
[970.269,972.889]
[970.929,973.340]
[971.679,972.679]
[971.771,978.589]
[971.829,975.409]
[972.400,978.890]
[972.998,975.978]
[973.600,975.199]
[974.108,980.509]
[975.909,978.528]
[976.118,981.499]
[976.210,977.960]
[976.508,977.539]
[976.629,977.449]
[976.988,978.320]
[977.611,978.765]
[978.669,982.069]
[978.819,981.858]
[978.890,981.468]
[978.970,980.299]
[979.449,981.108]
[98.130,102.368]
[98.440,99.559]
[980.509,985.908]
[981.998,985.518]
[982.028,983.809]
[982.060,985.369]
[982.268,985.339]
[982.298,987.829]
[982.718,987.228]
[983.829,984.769]
[985.238,985.999]
[985.269,986.779]
[985.369,991.280]
[985.539,991.459]
[985.659,987.289]
[986.228,988.158]
[986.259,989.868]
[986.897,991.285]
[987.158,988.158]
[987.639,989.538]
[987.829,992.120]
[988.239,990.258]
[988.537,990.349]
[988.960,990.558]
[99.580,102.620]
[99.699,101.180]
[990.219,993.980]
[991.448,993.977]
[991.599,997.280]
[991.629,995.029]
[991.778,994.668]
[992.387,995.083]
[992.798,995.029]
[994.057,995.717]
[994.389,995.389]
[994.899,996.799]
[994.960,996.589]
[995.254,1000.760]
[995.916,1001.208]
[996.610,998.223]
[996.638,998.809]
[996.998,999.409]
[997.029,999.289]
[997.390,1002.319]
[997.400,1001.453]
[998.247,999.529]
[998.590,1000.820]
[998.858,1000.998]
[999.308,1000.278]
[999.608,1002.470]
[burp]
[c]
[disfluency]
[ens]
[laughs]
[laughter]
[noise]
[pause]
[sonant]
[system]
[the show]
[um]
[unclear]
[unk]
[w]
[wales]
